# Per-env sampled DR (read back from scene after reset)
# brightness: ambient/key/fill/point are light intensities; image: gain/gamma/noise
#   #   ambient     key   fill  point   gain gamma noise
    1     0.033   3.485  0.000  0.000   0.85  0.98 0.003
    2     0.013   1.994  0.000  0.000   0.82  1.02 0.012
    3     0.107   4.196  0.079  0.086   0.83  1.02 0.001
    4     0.002   2.088  0.000  0.000   0.86  1.19 0.001
    5     0.017   2.628  0.000  0.000   0.86  1.24 0.010
    6     0.011   2.148  0.000  0.000   0.94  1.04 0.015
    7     0.082   4.152  0.057  0.091   0.90  1.19 0.011
    8     0.038   2.768  0.000  0.000   0.82  1.08 0.005
    9     0.060   3.071  0.000  0.000   0.77  1.21 0.014
   10     0.026   2.385  0.000  0.000   0.88  1.16 0.015
   11     0.042   1.737  0.000  0.000   1.03  1.22 0.012
   12     0.145   3.217  0.049  0.058   0.91  1.07 0.012
   13     0.024   1.701  0.000  0.000   1.03  1.17 0.003
   14     0.124   3.555  0.036  0.126   0.81  1.04 0.001
   15     0.035   2.337  0.000  0.000   0.82  0.96 0.010
   16     0.044   2.825  0.000  0.000   0.80  1.00 0.003
   17     0.052   3.660  0.000  0.000   1.05  1.08 0.003
   18     0.006   2.671  0.053  0.068   0.86  1.22 0.010
   19     0.101   1.856  0.041  0.047   0.95  1.22 0.003
   20     0.019   2.734  0.000  0.000   1.01  1.08 0.008
   21     0.033   2.443  0.000  0.000   0.99  1.19 0.012
   22     0.005   1.966  0.000  0.000   0.78  0.92 0.010
   23     0.114   2.745  0.049  0.030   0.99  1.15 0.005
   24     0.048   2.973  0.000  0.000   0.91  1.03 0.012
   25     0.008   3.839  0.061  0.132   0.97  1.24 0.008
   26     0.038   2.708  0.000  0.000   1.00  1.23 0.004
   27     0.025   3.559  0.000  0.000   0.88  0.97 0.011
   28     0.053   2.017  0.028  0.042   0.91  1.25 0.008
   29     0.034   2.747  0.000  0.000   0.96  0.87 0.006
   30     0.052   1.596  0.000  0.000   0.77  1.18 0.005
   31     0.056   4.132  0.000  0.000   0.90  1.21 0.008
   32     0.037   2.639  0.000  0.000   1.03  1.03 0.000
   33     0.039   2.458  0.000  0.000   0.82  0.99 0.003
   34     0.046   3.432  0.000  0.000   0.96  1.05 0.000
   35     0.016   2.502  0.000  0.000   1.04  1.20 0.004
